,0,1,2,3,4,5,6,7,8,9,10,11,12,13,14,15,16,17,18,19,20,21,22,23,24,25,26,27,28,29,30,31,32,33,34,35,36,37,38,39,40,41,42,43,44,45,46,47,48,49,50,51,52,53,54,55,56,57,58,59,60,61,62,63,64,65,66,67,68,69,70,71,72,73,74,75,76,77,78,79,80,81,82,83,84,85,86,87,88,89,90,91,92,93,94,95,96,97,98,99,100,101,102,103,104,105,106,107,108,109,110,111,112,113,114,115,116,117,118,119,120,121,122,123,124,125,126,127,128,129,130,131,132,133,134,135,136,137,138,139,140,141,142,143,144,145,146,147,148,149,150,151,152,153,154,155,156,157,158,159,160,161,162,163,164,165,166,167,168,169
0,1.0,0.846260301082392,0.781572514534513,0.9362594652239075,0.8478227548064834,0.9077134997170127,0.8493660855521781,0.7517939999165022,0.883756961876963,0.7785221718798495,0.8102431536224783,0.8541670324695859,0.9151884646867716,0.8809477756625332,0.9070846975911447,0.8958126585524425,0.9426197309267005,0.882496693212196,0.9086511242012891,0.8409065424970101,0.8364155137284546,0.6904396356828171,0.9089040231038338,0.7866253490340328,0.8159867237869787,0.7320664106879436,0.7952025173016505,0.7964679660585409,0.9155424878313281,0.6844045441489254,0.6437679223021815,0.8210087952560602,0.9003205954818415,0.6758316127568038,0.7991805387510675,0.8817454841547543,0.815976727610191,0.7324408252704924,0.7645064867964174,0.8950186328271039,0.9041937299466759,0.8118000451982254,0.8865111424053277,0.8154218857648405,0.8844703328923857,0.8089536947087439,0.8933560680474655,0.7383987303183619,0.8950131445036305,0.7050691780133705,0.8949614434409765,0.8949614434409765,0.9213414262725177,0.875109030441255,0.8407231819437775,0.8950292412577671,0.875101489155848,0.8664375996165972,0.7871020064184373,0.7457531684641052,0.7184607357882772,0.8950131445036305,0.895013725462292,0.8313312271353334,0.7104205115604092,0.7427926421372054,0.836113988097207,0.8092437857358955,0.7529491580120643,0.7871659529071012,0.8950292412577671,0.875831136081306,0.7344436629234309,0.8950292412577671,0.8949614434409765,0.8949614434409765,0.8048684172978583,0.903852366564328,0.3593763601877831,0.694864843557548,0.8950131445036305,0.8950292412577671,0.9016255184658399,0.8950292412577671,0.8950292412577671,0.8364859764776285,0.8598978526462093,0.8876595309977198,0.8171592465447425,0.8968381807906884,0.8949614434409765,0.8949614434409765,0.5886093746674618,0.7687354747431003,0.8445174940449741,0.7948210514121593,0.8461660378956888,0.8953525495849506,0.7913072261264312,0.9081991258641658,0.8406678433266174,0.8938899374063239,0.8115121718718796,0.8154998056162208,0.8488617578543389,0.8048739676405585,0.5242021013258568,0.5935897070013775,0.6705582986316897,0.895013725462292,0.862705722000975,0.857811028954013,0.8100082749615244,0.7631462251457946,0.7979853593596875,0.8949614434409765,0.7590361624235322,0.8150303434786029,0.796204248913959,0.8129613298441635,0.7908344079177559,0.8950131445036305,0.8950131445036305,0.8950131445036305,0.8950087954386858,0.8740159470715946,0.836312304448598,0.8156813571550375,0.9028160317868079,0.7739394939740346,0.7543603390840431,0.8949614434409765,0.49671426002228825,0.710993124310151,0.682530711851325,0.6117962062987672,0.6424389126768277,0.9171762694965069,0.7573917302058191,0.7408911954666779,0.6687572952701843,0.8950131445036305,0.8950131445036305,0.8382165357304403,0.7208865135538058,0.796636046831431,0.8514050919752384,0.7319861194527634,0.8720567087742627,0.8920400371413082,0.8029151998955103,0.8413949440781868,0.9150584153898229,0.6846242693129247,0.5933709482155685,0.27492698818076877,0.7822542769470737,0.9056045772388479,0.8384031907503997,0.8950292412577671,0.793069288998422,0.9097348484889223,0.7094149213430769,0.7762055103974619,0.9169516328294042,0.7275723482151768,0.7822347396106086,0.8747555943262832,0.9140797421875777,0.7651781800076942
1,0.846260301082392,1.0,0.8711782548179934,0.8685874040604842,0.932892497127431,0.8790028833124889,0.9394709040703485,0.8958513730763797,0.8691420537157186,0.9339698853796193,0.6943362725880637,0.9492750092108884,0.9224922164398137,0.7758604591138377,0.8959326277715469,0.8491736777614767,0.8041166347086337,0.8911308596719619,0.8832260630479715,0.715462982426302,0.7402243545634876,0.7973214177768165,0.9140721775202191,0.9407029679388499,0.6795415383693421,0.8971007791837543,0.9114531746216633,0.8744583867599306,0.9297051768622177,0.8049192495281299,0.7744440739533813,0.9151593158240162,0.8973728659863431,0.6823641020762072,0.874316732545474,0.7330521943368599,0.9188239070039149,0.8953961755555819,0.9072287838136367,0.9020289552388097,0.8769260367265236,0.922676658148046,0.8984669922155534,0.9285691694845691,0.8877499963740778,0.9195945549576389,0.8730857961059342,0.866338552215413,0.9367167414217558,0.7609276403758273,0.9366692334291202,0.9366692334291202,0.8070344222699154,0.897808385545995,0.8689171514266903,0.9366948516928159,0.7907428367867547,0.7385184885475305,0.8846087526789438,0.8402063146477141,0.7212935997324561,0.9367167414217558,0.9365981017371062,0.6738235001883889,0.7848035367783401,0.8822010257768061,0.9211287203163115,0.9065245931290946,0.671053044260943,0.8756144722273111,0.9366948516928159,0.7981799071579766,0.8765398048470453,0.9366948516928159,0.9366692334291202,0.9366692334291202,0.9378119350930133,0.7776045888883728,0.35188405705182924,0.8122508188974271,0.9367167414217558,0.9366948516928159,0.8562734124856801,0.9366948516928159,0.9366948516928159,0.8615607330457971,0.8198295259388586,0.8427508148051001,0.8354198095037187,0.8982831903074341,0.9366692334291202,0.9366692334291202,0.749984819092405,0.8895080154393975,0.8210720380337965,0.8981431143110002,0.825439520901859,0.8010473944546583,0.8865478824086716,0.8410405447817644,0.887006614132846,0.7587728280036371,0.693126201257744,0.678514365023753,0.8837312323453566,0.8781916194298844,0.5858584313040965,0.7438148634065028,0.7404678254149077,0.9365981017371062,0.7844182645812523,0.9381782418652121,0.8009354617347649,0.8374397071997085,0.9089499192986468,0.9366692334291202,0.7967728050707096,0.7584194666156002,0.8513629353063465,0.8874364897461143,0.858148946142786,0.9367167414217558,0.9367167414217558,0.9367167414217558,0.936697833036202,0.9035026428138072,0.8881742116735161,0.7532340575974921,0.8528738463803728,0.8344935712320106,0.9031116823664244,0.9366692334291202,0.5925249743475732,0.6312266138692334,0.7718148273969292,0.5146933113414446,0.7154547171811076,0.8257281131738846,0.6837254085841464,0.8673558118935044,0.7299697653166218,0.9367167414217558,0.9367167414217558,0.680343875232586,0.7783045393720448,0.7984908909699083,0.8080660079745687,0.7314072914026455,0.8228845192550752,0.9360487893503947,0.7812101458968456,0.9279888882662498,0.872432260865774,0.7336736946048876,0.5826693561287374,0.341382374411181,0.7954697814595812,0.8137764583969619,0.9321238622190042,0.9366948516928159,0.7762501830621021,0.8328130886075262,0.7888541382637554,0.6484250933037404,0.9071415031954372,0.8491292869736842,0.6665609514720386,0.923168566442389,0.8243674665076567,0.8623480882592447
2,0.781572514534513,0.8711782548179934,1.0,0.8053259959745556,0.848313928999896,0.7771376316067111,0.848308586489006,0.821864067395706,0.8006021132940785,0.8424109269527865,0.6072551069746629,0.8513159637044319,0.8396815572701283,0.7053139690758756,0.8147806575659834,0.7625998644239118,0.7327079722220318,0.815314769452567,0.7927332418597259,0.6320759508520545,0.6776795404455126,0.7365208367656012,0.8071116520273006,0.8590352428221345,0.6512582976494156,0.8333409088564181,0.8190288545846981,0.8255412924141358,0.8453583295081915,0.7802184712137232,0.7517348965473567,0.8496810574777847,0.8262788618781641,0.6678081847015142,0.8242586210557699,0.673671687246988,0.8582469587690559,0.8491949668297305,0.850711461881024,0.8135563264219257,0.792032233847129,0.8098125276744742,0.8032476063822106,0.8646939409375142,0.8105251102684711,0.8613356889728964,0.7916022194283933,0.8150030514431379,0.8532311994963748,0.729397854660481,0.8531839768532863,0.8531839768532863,0.7268678619902105,0.8164237729365275,0.845065928891194,0.853165390513974,0.7071363421848892,0.6793667113688324,0.8432079260070459,0.781877740068382,0.708163048230019,0.8532311994963748,0.8531552807084939,0.608531176381916,0.7205030472247562,0.8125958134342411,0.8517232958931287,0.845057440998187,0.6221553324713104,0.8232054978874398,0.853165390513974,0.7209251817252638,0.8221657961477606,0.853165390513974,0.8531839768532863,0.8531839768532863,0.8612810485547083,0.7080476019274415,0.21444030775259557,0.7649058201391462,0.8532311994963748,0.853165390513974,0.793471669985095,0.853165390513974,0.853165390513974,0.810171855372389,0.7332376614030228,0.7929242387700685,0.7951261884982228,0.8207989542129003,0.8531839768532863,0.8531839768532863,0.7613145607704112,0.8341305629340467,0.7462127459458497,0.8561235774366424,0.7562635682556157,0.7580022663361946,0.8364083540221946,0.7717245979783112,0.850122710046217,0.7078121325465117,0.6725340644541912,0.6504387766944768,0.8353491435530569,0.8233628993155065,0.5156213261829186,0.682245799350351,0.743578767513472,0.8531552807084939,0.718115250982222,0.8389441061353686,0.7559224389639773,0.7753165686281652,0.8421883430537169,0.8531839768532863,0.7970812509117776,0.6928325513358276,0.8049006186972079,0.8307892134892602,0.8023385897220441,0.8532311994963748,0.8532311994963748,0.8532311994963748,0.8532262793531746,0.8243949383999181,0.8263396405599231,0.6720942168635481,0.7928884060081728,0.7970739027965518,0.8426732942264471,0.8531839768532863,0.5352810861421495,0.5794163473402183,0.7260661283216117,0.4654042760682661,0.6773693788235146,0.763341363405406,0.6250607148546906,0.8260144768407115,0.7192101800215707,0.8532311994963748,0.8532311994963748,0.601691249295825,0.7756305846966677,0.776712718229352,0.7307908679507237,0.7079530530407846,0.7813468445211944,0.8508170635924823,0.7176848333216994,0.8602640156010293,0.8000188669400128,0.688541750829064,0.5693306246600662,0.36880759725452,0.7570864643606837,0.7457174515935568,0.8621973575838346,0.853165390513974,0.71203714435391,0.7711511176096322,0.7626497509207544,0.6003264707582445,0.8207210473534658,0.7456613660079057,0.6267395018402714,0.8305554537432989,0.7476721428161768,0.8252701226189822
3,0.9362594652239075,0.8685874040604842,0.8053259959745556,1.0,0.8630405709956126,0.917473714592238,0.8620990065638605,0.7875508344194904,0.9125021935247677,0.8118877348985137,0.8061627207768188,0.8784564389633727,0.938906935151922,0.9034116650050776,0.9225608567832329,0.8905961892345039,0.9463831917587265,0.9125625541669948,0.9251142091968813,0.8260214604607667,0.8441181973942038,0.7356967918165623,0.9250347581211422,0.8205784672797631,0.8240062962368295,0.7642673246860406,0.8319709791045621,0.7874980522104958,0.9393308509414395,0.7289041146254892,0.6909294288830867,0.8605127806483415,0.9196367284174143,0.7229790659814084,0.8468630768942228,0.886464691264794,0.8461311459133446,0.7781385375785637,0.7922158470079986,0.9195297763849034,0.9206350207490516,0.835894207920606,0.8938796452458433,0.8577098611680959,0.9036836236298692,0.8530680619573622,0.8983140391781699,0.7912284282715921,0.9257995385484037,0.7564244714407621,0.9257674691653853,0.9257674691653853,0.9410870657087593,0.8958728212682652,0.8774158210587704,0.9258164224544778,0.8845477146399138,0.8803226732585857,0.8366877865524971,0.7858717205751768,0.7346366207204484,0.9257995385484037,0.9257869371945652,0.8240649710440314,0.7453046017749371,0.7933669669569365,0.8745948011225659,0.8534027008642304,0.771860965760985,0.8283436864055285,0.9258164224544778,0.8777059276423268,0.7827377093606117,0.9258164224544778,0.9257674691653853,0.9257674691653853,0.8266228208993903,0.9118005115686463,0.3168090732960125,0.7370605528440265,0.9257995385484037,0.9258164224544778,0.9153459326070671,0.9258164224544778,0.9258164224544778,0.8727237421097384,0.8602415989751893,0.8958669598211692,0.8473902378238775,0.9121451201933279,0.9257674691653853,0.9257674691653853,0.6446866798787118,0.8149487403871839,0.861103704663763,0.8439511857384367,0.8667927180518512,0.9086849688944979,0.8341100428518275,0.9137705937616474,0.885022874916458,0.897218210538601,0.8277014058330261,0.8236965441946145,0.8721230091150524,0.8448631497166842,0.5479271487572137,0.66833756633247,0.7192624062261518,0.9257869371945652,0.8862189357086664,0.8731019190983026,0.8530090963347502,0.8055410024301385,0.8383867409952204,0.9257674691653853,0.7772309875849579,0.8218575540760084,0.8462809130219252,0.851050885165256,0.828764142629738,0.9257995385484037,0.9257995385484037,0.9257995385484037,0.9257996725613734,0.8905502958456624,0.8716906208342048,0.8126075539024701,0.927248601320713,0.8164816139636931,0.7960887840583207,0.9257674691653853,0.5511756169739159,0.734098910976443,0.7087244023672284,0.6294735399847751,0.6782689024619503,0.938653309293393,0.7589481226232434,0.7803043290549408,0.7272275325360318,0.9257995385484037,0.9257995385484037,0.8251193624148794,0.758742021416464,0.7949990044378591,0.8412342552118601,0.7438563122903746,0.8900310336296339,0.9228990203610659,0.8042260458710951,0.8699473475317254,0.9265241672372952,0.6995321660552734,0.6458304538359041,0.3164828739889107,0.8243570750386937,0.9161915167845879,0.8679635028577871,0.9258164224544778,0.8457487477916721,0.9332313234093537,0.739265698547041,0.7863550887255727,0.9319249948532285,0.7593714785746232,0.7963533451140529,0.8934741667317961,0.9304426917394688,0.790700973730025
4,0.8478227548064834,0.932892497127431,0.848313928999896,0.8630405709956126,1.0,0.8672807792101694,0.9084508840626764,0.8698715784884407,0.8566817872539767,0.8955602165173266,0.695523181932056,0.9154635370604428,0.9053106955091097,0.7846986005367569,0.891552984613684,0.836188379794148,0.8052700171610987,0.8756908385373131,0.8716506220862134,0.7218670648778339,0.7427365223187377,0.784881224593971,0.8977840314303915,0.9050208626698756,0.6792796796719403,0.8608582308535531,0.8750389085343496,0.8371851427572635,0.9099435229947123,0.7878412797304395,0.7548069498029168,0.8894691171506414,0.874345109624237,0.6680444810397671,0.8515637087164311,0.7449163547559039,0.8966755093957058,0.8507259990604873,0.8631572568937227,0.8832933700528584,0.8641198420812212,0.8963067359260978,0.8734670244304243,0.8976384713034886,0.8701540296426981,0.8951402687715538,0.8590193477853739,0.8421731144585853,0.9140402524191736,0.7424516723228397,0.9140106739346143,0.9140106739346143,0.8084919934124744,0.8806594656669146,0.8399923542575227,0.9140303325478386,0.8053755134994245,0.7470099701808507,0.8589726346917285,0.829009474950891,0.675614815850387,0.9140402524191736,0.9139367175155598,0.687159042985909,0.7456224317166873,0.8490516547906591,0.8970720592498811,0.8787244917818089,0.6757828167705051,0.8447263406077377,0.9140303325478386,0.7929200460217783,0.8469695445203081,0.9140303325478386,0.9140106739346143,0.9140106739346143,0.9171688225079944,0.787467386980128,0.31836822375419394,0.7868763075529064,0.9140402524191736,0.9140303325478386,0.8498948822773985,0.9140303325478386,0.9140303325478386,0.8295344845690492,0.8070564428828163,0.8386717519655887,0.8164904851473226,0.8760152720919406,0.9140106739346143,0.9140106739346143,0.7136561756270411,0.8608506240400543,0.8068871535602483,0.8753313558272873,0.8129073613354371,0.7962413882927459,0.8658225869607672,0.8361260110928167,0.8711795598437445,0.7624313329526807,0.6931881674237197,0.6789429281066252,0.8570523696178529,0.8450403764985156,0.574815574926375,0.7197366313732378,0.7115743474860013,0.9139367175155598,0.7884365105819485,0.903963133208108,0.7949487426716023,0.8216408961618415,0.8816279547560946,0.9140106739346143,0.7619952302093984,0.7599445700748929,0.8341523978475833,0.8695519675231097,0.8431984333435898,0.9140402524191736,0.9140402524191736,0.9140402524191736,0.9140266200802977,0.8834209316361057,0.8528062349102085,0.7466485005970426,0.8449894903166536,0.8106400152720391,0.862579830702245,0.9140106739346143,0.5586616910701736,0.6331419144127653,0.7507557328010903,0.5063722857877362,0.697821802661595,0.8194685261018007,0.6749979684203167,0.8344112860048001,0.715680175983292,0.9140402524191736,0.9140402524191736,0.6882661397961053,0.7304734164103892,0.7844416008853214,0.7950233003309926,0.7208518233829238,0.8116989798483547,0.9128417188804929,0.7731800060732726,0.8993664292718798,0.8633135574458042,0.6887771562477143,0.540826398677339,0.30494802932970627,0.7794017648591748,0.8123329176599621,0.9051878377126236,0.9140303325478386,0.7616931634723043,0.8295562126184154,0.7549226079795736,0.6613746702937903,0.8890153668952637,0.8267389960745599,0.6642423187168907,0.8999899195312981,0.8279160180515729,0.8281909106979161
5,0.9077134997170127,0.8790028833124889,0.7771376316067111,0.917473714592238,0.8672807792101694,1.0,0.8702381833671651,0.7700733207726276,0.9082159784209342,0.7995381446031339,0.7983440275703673,0.8859780380868139,0.9357723701435308,0.8761571464750195,0.9199587490260444,0.9180754667537725,0.9043785733652421,0.920707128251171,0.9572862693484928,0.8708788440203747,0.8484183504987739,0.7066401480305206,0.948579712013568,0.816249907874785,0.8063571454629137,0.7458499142800723,0.8327292568538915,0.8005571059526008,0.9417156747816102,0.6773998638689669,0.6510387008228805,0.8255292566245924,0.9012649341703831,0.6587333855543503,0.7902628587927815,0.8784023468867881,0.8192101414213122,0.7336823171257605,0.7672269984982758,0.9137701191784262,0.9217069795720656,0.8527670388484478,0.9078362664406323,0.8230770239624265,0.8973084160509616,0.8167246378037171,0.9372348089339116,0.7522782195659125,0.9157362510703057,0.7141536699575782,0.9157371624538101,0.9157371624538101,0.9232005598895743,0.9106199207753817,0.8585712411338979,0.9158088752888572,0.8802415638921276,0.8869369640057666,0.7888972418599708,0.7387181067658328,0.7278916349065724,0.9157362510703057,0.9157752699583488,0.861347970724159,0.7379118799870749,0.7649607316737073,0.861920928883104,0.8246574238090799,0.7702031070860236,0.7835920058338216,0.9158088752888572,0.8991406548425648,0.7396855970952806,0.9158088752888572,0.9157371624538101,0.9157371624538101,0.831016403233478,0.9031631420727477,0.40950429088220636,0.6848189642187312,0.9157362510703057,0.9158088752888572,0.9269611249486905,0.9158088752888572,0.9158088752888572,0.8663644904367728,0.9164221424141089,0.9074149159384968,0.827378731174339,0.922870566219152,0.9157371624538101,0.9157371624538101,0.5641713819875556,0.7668176580999271,0.8968139577310346,0.8007071202695862,0.8878905847548881,0.8855476880004225,0.8105890034289919,0.9370658268103647,0.8307632185998748,0.8872354892649394,0.8020433939371563,0.8059277475232414,0.8673847044065128,0.8324800533141411,0.5671885236507648,0.6437533193240129,0.6433413298665507,0.9157752699583488,0.8495561416316345,0.8915462095480264,0.8336231957308923,0.8014284391116877,0.8145655722533843,0.9157371624538101,0.7713604998544251,0.8120247418066336,0.813787492019567,0.8489876032243647,0.8326195454557164,0.9157362510703057,0.9157362510703057,0.9157362510703057,0.9157398468618091,0.8923277652459194,0.8709653079945356,0.8196131451096326,0.8990473811799873,0.7445204736356958,0.7697316045288561,0.9157371624538101,0.5220642221834405,0.7213222927969267,0.6743892000367044,0.6399184921763716,0.6352498287380666,0.9091680273994602,0.7648007406230113,0.7544880022334612,0.6796078532580653,0.9157362510703057,0.9157362510703057,0.8354531754252508,0.7492548615324144,0.7801694604318045,0.8836191004022238,0.7573634712773453,0.8841401278708391,0.9134413245451263,0.8080351062693636,0.8526395332492057,0.936319643938875,0.6931080568963344,0.6199255819755226,0.2934296742956191,0.7519681590437401,0.9202913321694594,0.8503941468504601,0.9158088752888572,0.8197401871770078,0.9111151598380147,0.709208707969559,0.7756489963239828,0.9296884957713965,0.7531759989161804,0.7853940014102241,0.9082669410562273,0.9080306325131406,0.7780826610277811
6,0.8493660855521781,0.9394709040703485,0.848308586489006,0.8620990065638605,0.9084508840626764,0.8702381833671651,1.0,0.8587323150786361,0.8478683323867828,0.9135947522749042,0.6950761646297008,0.9294883649817423,0.9110233156982086,0.7720316212371213,0.8906950914915754,0.8604117971299517,0.8056238587520084,0.8813929158213667,0.8776660814533062,0.7334335124637215,0.7363376450658624,0.7700539544757488,0.9141471819582135,0.9108239402379871,0.6795275070752185,0.8657129795434793,0.9175843495373875,0.8932451134670234,0.9187517720354909,0.7892426554561026,0.7532167312630662,0.8952304019130127,0.8932150759135185,0.6507322079330868,0.8570229184796978,0.7457996407578452,0.9200419328403534,0.8676506796688207,0.9116587482651203,0.8957100186853101,0.8683567046890472,0.8963850169574528,0.893233661372722,0.917487129194144,0.8892957359502608,0.8949491395596832,0.8644905559547508,0.8247535566457805,0.9208531759159081,0.7347256611238827,0.9208123308225555,0.9208123308225555,0.8133812494135624,0.8767616925595966,0.8413949599053617,0.9208212161784781,0.7797064704013734,0.7349826612951461,0.8669827205598949,0.824653475669311,0.704513002311056,0.9208531759159081,0.9207926105398766,0.6907849483739152,0.7667818420805466,0.8342325873569941,0.8926912660456917,0.8794108037251368,0.6675525120210861,0.8540839663335532,0.9208212161784781,0.7814189504019802,0.8383979251806194,0.9208212161784781,0.9208123308225555,0.9208123308225555,0.9252402156259002,0.781496460661162,0.3358931895567047,0.7893149471161733,0.9208531759159081,0.9208212161784781,0.8630041790874037,0.9208212161784781,0.9208212161784781,0.8529203366787368,0.8127860714796389,0.8418265101615314,0.8329497310598378,0.9044011024132379,0.9208123308225555,0.9208123308225555,0.7429519635412999,0.8695794105475531,0.8034263060964573,0.8746801115202648,0.8028169913289018,0.8258157785596253,0.8575923391688995,0.8511383743962786,0.8886750781626085,0.7919709337753986,0.6879915806132224,0.6785812354193137,0.8830831442477282,0.8590097925034708,0.5959486316948879,0.7300639757348513,0.7352325117477063,0.9207926105398766,0.780658900438545,0.9223185295213241,0.7647464659662666,0.7969040682948485,0.8794154588818093,0.9208123308225555,0.766308088985938,0.7565920094268466,0.8043533971847969,0.8537130325674696,0.8219762269055473,0.9208531759159081,0.9208531759159081,0.9208531759159081,0.9208378376740955,0.8925411139664691,0.8846385030525209,0.763271396423511,0.8432999666070987,0.8252187893005566,0.8698845611995563,0.9208123308225555,0.5917520398294427,0.623049956344125,0.7481233274025318,0.5237639015232316,0.707172516858064,0.8304221957584357,0.6656121413207554,0.8384465457973087,0.6758810912693994,0.9208531759159081,0.9208531759159081,0.6919135356440527,0.7471333140320221,0.7805431740624873,0.8223346926586929,0.7364607572524705,0.8320643930962042,0.9196076645838112,0.7643255717149445,0.9172497982506349,0.8687957196220788,0.7261289956067257,0.5552018658408011,0.3318336195289722,0.779310172876558,0.8170237112065283,0.9239876251240496,0.9208212161784781,0.7849332744063926,0.8432025343136039,0.7863579807674169,0.649583378151832,0.9095600549319797,0.8241398731858283,0.6646640163896372,0.9030441607108108,0.8197446835793004,0.8489426923608601
7,0.7517939999165022,0.8958513730763797,0.821864067395706,0.7875508344194904,0.8698715784884407,0.7700733207726276,0.8587323150786361,1.0,0.7961232453238402,0.9161190882904496,0.5887974044559465,0.8885242411830642,0.841496366845063,0.6966163757778157,0.8119043541058204,0.7012060559733743,0.6875766524336052,0.8063974516238674,0.7771857259866876,0.5521925169932695,0.6436734774559284,0.8219141473345466,0.8048301286207047,0.9204393292202543,0.5917993833072547,0.9243602188016028,0.8393263264850451,0.8111096325235234,0.8469835552170051,0.8842065764495707,0.7971362154254229,0.8797228009745448,0.8103760394126375,0.6862307946600608,0.8707645452288103,0.5981502134640923,0.8649169491464233,0.9110806386279847,0.8704542980821622,0.817153849946732,0.7947897090055601,0.8735732427591214,0.7791099125819542,0.9204776629626004,0.7947485087000565,0.8979053989617481,0.7515358492622526,0.8938969255236094,0.8756007251345387,0.7569561490268656,0.8755390938962805,0.8755390938962805,0.6772978105339685,0.8072374496671068,0.84395156758171,0.8755651612991014,0.7220859227257599,0.6438422352949288,0.8939454054076873,0.8618966541126204,0.6731245144000798,0.8756007251345387,0.8754812864566373,0.5336689302115996,0.7195863363344331,0.901124238252193,0.8945785814359395,0.8979139163327351,0.5727362514152259,0.8594538078317966,0.8755651612991014,0.6769649434712429,0.908170575997762,0.8755651612991014,0.8755390938962805,0.8755390938962805,0.8732473183746369,0.6471151360995633,0.18547695602535644,0.8241587756385931,0.8756007251345387,0.8755651612991014,0.754212127634664,0.8755651612991014,0.8755651612991014,0.789801915405651,0.6882878869378906,0.7522301456165443,0.7830196942878495,0.7949432696042368,0.8755390938962805,0.8755390938962805,0.8070505275461414,0.8868389557535823,0.7238375886596161,0.8892829955915792,0.7518511924204233,0.6884605227699586,0.8674472779425142,0.7220192907815983,0.864069531319173,0.6171249959093849,0.6207171776705668,0.5907789838121126,0.8138997420204387,0.8427624238321558,0.5182773429527008,0.729147861656057,0.7648024854876295,0.8754812864566373,0.7079070916447652,0.8609089915572538,0.7737732466834345,0.8297475631281426,0.9132666410586596,0.8755390938962805,0.7610510226785085,0.6398756421168238,0.8527160221973119,0.8523819915636073,0.8250992137132482,0.8756007251345387,0.8756007251345387,0.8756007251345387,0.8756005836148916,0.8777843631477125,0.8224751000387852,0.6373373192103932,0.7790413233740632,0.8221192704481534,0.907200107120855,0.8755390938962805,0.5645135635440267,0.5786964877317969,0.8053061240490875,0.403281006266539,0.7254533212173986,0.7287752123203076,0.6160608734530288,0.874499951411679,0.7816411881051233,0.8756007251345387,0.8756007251345387,0.5540976371384835,0.7441916335524438,0.7806352629247746,0.6621452173206248,0.6674690180541706,0.7327214474190971,0.8758755808140339,0.720581462969385,0.8628372894321772,0.758108103746653,0.717348906041524,0.5335003122002195,0.30928406546399523,0.7719334206873962,0.6862541961991332,0.8701306687044374,0.8755651612991014,0.6654875483763268,0.7361196026310219,0.7650942331066437,0.5683443141059031,0.7972322649519257,0.834810952101521,0.5480771418307467,0.8331353911667486,0.719125827695692,0.8368440322248933
8,0.883756961876963,0.8691420537157186,0.8006021132940785,0.9125021935247677,0.8566817872539767,0.9082159784209342,0.8478683323867828,0.7961232453238402,1.0,0.8085446552420542,0.780817842705581,0.8814364846522329,0.9386217583091326,0.8705834126900703,0.8984836464831157,0.8835587398043163,0.8815031337464786,0.9148929218998716,0.9091097777374687,0.803578876679524,0.8426549936985659,0.7472796578692724,0.9068317339861199,0.8407212297777672,0.8011785152045746,0.775902078181023,0.8208431835080562,0.7742073235172856,0.9393944112742219,0.7117795424927399,0.7006497431690965,0.8547205858934867,0.9031353012850211,0.7478022343313628,0.8341315124965314,0.8475253111450765,0.8329910453168732,0.7903026848940912,0.7845686401261122,0.9130439213966676,0.9136636705345109,0.8299110432465941,0.8915218791868865,0.8438278671389038,0.888360135983281,0.8674243821307894,0.9204143849127784,0.8139019369594093,0.9239479068306082,0.7646909125694185,0.9239416001438053,0.9239416001438053,0.8828735302329164,0.9127226525091575,0.8739327836171478,0.923981324926604,0.8887283564768276,0.8681686174459369,0.8415814565511834,0.7932431613239452,0.712465956159343,0.9239479068306082,0.923937373371525,0.798315607484274,0.7213514586875514,0.8128631438391827,0.8920220253148697,0.8672696593355276,0.7773936615284452,0.8270915794420896,0.923981324926604,0.8783625566619621,0.7906513032477446,0.923981324926604,0.9239416001438053,0.9239416001438053,0.8235881868940437,0.8720710510535177,0.3237071097283706,0.740924574056662,0.9239479068306082,0.923981324926604,0.9071513165565692,0.923981324926604,0.923981324926604,0.8515934919157544,0.8905598418828562,0.8968809703970329,0.8422804174448253,0.8973688676882249,0.9239416001438053,0.9239416001438053,0.6522816395951985,0.8278299509557606,0.8955534377428174,0.8612713625905168,0.9011857290319165,0.8729338663666553,0.8613694098305523,0.9068644809858791,0.8616720620775815,0.8506489982923189,0.8160595372432174,0.8014667898743154,0.8749426259861731,0.8647471048984972,0.5238881634567011,0.6579978558841749,0.7170092996940303,0.923937373371525,0.8503914800593665,0.8783135896560504,0.8992835816404902,0.8446775315538928,0.8575378751255711,0.9239416001438053,0.776751928747471,0.8246595042973727,0.89073052555734,0.8957629311180516,0.8753644940654938,0.9239479068306082,0.9239479068306082,0.9239479068306082,0.9239510046560231,0.8771972500886182,0.8472147452562355,0.7887076779680176,0.9028474227277217,0.8101833849753692,0.8136489231717762,0.9239416001438053,0.5813391780135482,0.7420314802146106,0.7042815869355079,0.6359272679098009,0.6698877544905423,0.9083236058587033,0.7842416781782096,0.809069952591985,0.7873106039506786,0.9239479068306082,0.9239479068306082,0.7881177849675419,0.7600281365791642,0.7814411093794933,0.8440315967244084,0.7709905411277214,0.8769604151945193,0.922113499857269,0.812340907449468,0.874825187462852,0.922982676285891,0.687139374220605,0.6355327578198167,0.31341490645008835,0.819543396997451,0.8954962005548799,0.8632506828094473,0.923981324926604,0.8178262902121203,0.9011812363483751,0.7568065419253788,0.7752795998538764,0.9204604723025059,0.7791870355320275,0.780445961944241,0.9051707309373326,0.9011048463683082,0.8132365375469209
9,0.7785221718798495,0.9339698853796193,0.8424109269527865,0.8118877348985137,0.8955602165173266,0.7995381446031339,0.9135947522749042,0.9161190882904496,0.8085446552420542,1.0,0.6020479557717461,0.9240458716507267,0.8661946850915893,0.7155711403399455,0.8421752115590123,0.7464921653274007,0.7171565743512789,0.826595332646851,0.804897907102801,0.5912859648423375,0.6526616910341912,0.8252948411041615,0.844230377103686,0.9484907806369077,0.5984638450924943,0.9261643691683511,0.8986698403098297,0.8523452367453047,0.8720084052781302,0.8569737866981624,0.8032101348259473,0.9172523468178597,0.8462188055623625,0.6839960119688528,0.8985987336468988,0.6221659156372569,0.9081825314492145,0.9310286868018833,0.9217008509595689,0.8523505661993345,0.8188715996413937,0.8985670407840637,0.8204570828210072,0.943378416511769,0.8325179940102458,0.9187834768651268,0.7719760227104578,0.9048757623780889,0.901119481924486,0.7650295172171546,0.9010816538315323,0.9010816538315323,0.7120252258133166,0.8289702366937992,0.8401762462052814,0.9010952517903363,0.7285911735257838,0.6545989272022117,0.9105120736560767,0.8767006246098228,0.681671740821685,0.901119481924486,0.9010295347023708,0.5535640625794424,0.7664819302651955,0.9115604638604969,0.9084424484880287,0.9115492323847703,0.6049432596110861,0.893842490712365,0.9010952517903363,0.6930676365896289,0.9231754474592206,0.9010952517903363,0.9010816538315323,0.9010816538315323,0.9178841797947419,0.6763248348192421,0.2613060982178165,0.8513189456308908,0.901119481924486,0.9010952517903363,0.7851827212988377,0.9010952517903363,0.9010952517903363,0.8167036538069078,0.7076906186545375,0.7691340185294581,0.8032264705908398,0.8337642977433284,0.9010816538315323,0.9010816538315323,0.829276529358517,0.9102011959567698,0.7292623579899156,0.907538181671677,0.7519112750193729,0.7305861221428285,0.8789610867519138,0.7559179298931539,0.8918644695796039,0.6661445326492531,0.6213090479402061,0.5971531357482769,0.8472822840313219,0.8598079795484228,0.5564282837490152,0.762175898019261,0.7749905303535329,0.9010295347023708,0.7164974695527918,0.9022473125237965,0.7635658902470294,0.8103864618649014,0.9096982973563895,0.9010816538315323,0.7629205497260614,0.7012845613989026,0.83579654854361,0.8529847570871593,0.8179765468627196,0.901119481924486,0.901119481924486,0.901119481924486,0.9011074864048129,0.8702620603437368,0.8518980383296101,0.6635810315707714,0.7974745001256589,0.8616669897934193,0.9231949926093191,0.9010816538315323,0.6074269819301771,0.5791377398547072,0.7978566539203737,0.439954003259362,0.7412481382289382,0.7576332596901577,0.6136268654074484,0.8929878340276011,0.7427290198159419,0.901119481924486,0.901119481924486,0.56672461948598,0.7467030205478341,0.7675083338154299,0.7005668688987599,0.6787484821842416,0.7580942548339581,0.9010913597009858,0.7238285590376036,0.895418396956608,0.7815287021819063,0.7234017951123475,0.5319478690071336,0.3381234956787041,0.8021093745038208,0.7125512212049634,0.9083573932050273,0.9010952517903363,0.7207130270227206,0.7629157487810637,0.780506223623003,0.5706820566332184,0.8383437429519754,0.8524816311654109,0.5821813356023323,0.8581589180419198,0.751582826190097,0.861234274906619
10,0.8102431536224783,0.6943362725880637,0.6072551069746629,0.8061627207768188,0.695523181932056,0.7983440275703673,0.6950761646297008,0.5887974044559465,0.780817842705581,0.6020479557717461,1.0,0.7029403140510492,0.7925218399991757,0.8020094952690086,0.7772104710141641,0.7949876852913499,0.8282169168597411,0.7736718301245437,0.7995439382436782,0.7844854926573457,0.7652071674234547,0.5620454193951426,0.7929540211842045,0.6260785358807218,0.742558117473034,0.5466280981187952,0.6531525356529263,0.6230039418140689,0.7912203050847557,0.5053145102527298,0.4794404205845851,0.6646036518822739,0.7649823991849383,0.5866233567229706,0.6392318596763301,0.8094976744470805,0.6517051876869768,0.554246832865364,0.5841462108672791,0.7453114916004384,0.7964523367508125,0.6700836401165976,0.7696855976162351,0.6413824915066197,0.7626357340460064,0.6517180956501455,0.793524080574073,0.5789450490365138,0.7600371393548769,0.5787525455380707,0.7599761246331239,0.7599761246331239,0.8307560978674094,0.76745639435601,0.6967073444565749,0.760064695420409,0.7971105995247115,0.8083946880669262,0.6282374275889622,0.5987656872285627,0.5962233733502293,0.7600371393548769,0.7600608381494205,0.7867208675978424,0.5909437194913036,0.58668383965004,0.6944460320791482,0.6596137682718004,0.7044541387038684,0.6253263741722055,0.760064695420409,0.7969288451575801,0.5543243122664162,0.760064695420409,0.7599761246331239,0.7599761246331239,0.6477225174527786,0.8231934695862184,0.35999445712362926,0.5303424735872813,0.7600371393548769,0.760064695420409,0.7970846461672131,0.760064695420409,0.760064695420409,0.7134845790266178,0.7818097825166856,0.7766203523029933,0.6912732308656703,0.7708071287997369,0.7599761246331239,0.7599761246331239,0.41118640246391047,0.5980308059441356,0.7574470069276268,0.6375716241527433,0.7452177279468376,0.7805177871692198,0.6514392403911018,0.8140950585589884,0.6835963216377182,0.7998094873627847,0.7346222895994281,0.7430516495245227,0.7070515376262109,0.6754748903292493,0.45313571283046916,0.47979082644698784,0.5164817836849335,0.7600608381494205,0.7732504385321697,0.710989130286065,0.70887605649029,0.6554954057873943,0.6491837477067716,0.7599761246331239,0.6017536611722089,0.7233886816351106,0.6704779192500288,0.6943743461925954,0.6853123516689379,0.7600371393548769,0.7600371393548769,0.7600371393548769,0.760030532353072,0.7296416168136816,0.7099120058599945,0.7454386659975463,0.7997589251447139,0.6254567974031514,0.5883436121571474,0.7599761246331239,0.4014690913480226,0.6576843157677562,0.5306044571188209,0.576126371187366,0.5035718790141912,0.8096226285008811,0.6921207223001908,0.5859068815663018,0.5553344307178485,0.7600371393548769,0.7600371393548769,0.9401278455787487,0.588717803459365,0.6386879443463931,0.7517796784210213,0.6329064214579303,0.758533402706829,0.7584749939501347,0.6710647960442873,0.688701828784574,0.8021237457560605,0.5423848985402893,0.5361402743979923,0.16218989976681394,0.655008499656046,0.8168585634506526,0.6794462153971595,0.760064695420409,0.7082063483231859,0.8098144920963152,0.5706914338943858,0.7140048461478767,0.7915874313752025,0.6117747960888291,0.7320519843822719,0.7468181337599586,0.8258635229940423,0.6157524220157563
11,0.8541670324695859,0.9492750092108884,0.8513159637044319,0.8784564389633727,0.9154635370604428,0.8859780380868139,0.9294883649817423,0.8885242411830642,0.8814364846522329,0.9240458716507267,0.7029403140510492,1.0,0.9335994243844956,0.7797212999002125,0.890516003666395,0.8665298585094875,0.8112037073420834,0.901097373099004,0.8881816479891008,0.7068755686470054,0.740400911786625,0.7915092535175914,0.9088355120658931,0.9278429053762104,0.683423595448703,0.8846012664510069,0.8951078496545012,0.8565815057232686,0.9391853412815954,0.8059321979028953,0.7653440847343769,0.9163778625546967,0.9154601119177568,0.6932956843564162,0.8860876534195423,0.7413737914887002,0.9277190114556451,0.8977606356832258,0.9171473341758066,0.908759963261655,0.8888237787347755,0.8955073978938523,0.9139574942481309,0.9261752099865486,0.9026639886436966,0.9260071544011269,0.8815826960350057,0.8612901952765115,0.942361588421139,0.7734903827067634,0.9423586590856972,0.9423586590856972,0.8122700965153269,0.8967394137758623,0.8783816031314291,0.9423531006546383,0.7982659921236466,0.7440265391081279,0.890121394109612,0.8472791966953336,0.7272259140934452,0.942361588421139,0.9423267576771324,0.6686754293688103,0.7670365043829058,0.8772429358512829,0.9189725196611899,0.9071215921587595,0.6813354765636994,0.8788225827266685,0.9423531006546383,0.7931425105485538,0.8794293959404113,0.9423531006546383,0.9423586590856972,0.9423586590856972,0.9239277301685698,0.7816372099865136,0.3278012313478063,0.8170988055330332,0.942361588421139,0.9423531006546383,0.872348622148921,0.9423531006546383,0.9423531006546383,0.8659900853888922,0.8304996801382932,0.8594764340894008,0.8451192824170943,0.9068819868049636,0.9423586590856972,0.9423586590856972,0.7610673010129351,0.9021690109012627,0.8323524715332405,0.9048443074252001,0.8390939076475039,0.8299774518936016,0.8856526796001712,0.853582855720261,0.8936814631962519,0.7808892223285029,0.6991453840078379,0.6822704537430113,0.8958473849327124,0.8873648594243967,0.5841185612454904,0.7465295949964059,0.7810345136451355,0.9423267576771324,0.788633231443732,0.960527858207573,0.8092178271952369,0.8274647551294755,0.9138326586242563,0.9423586590856972,0.7969589384161516,0.7642545502917261,0.8611359974780445,0.88313946662562,0.848840418838513,0.942361588421139,0.942361588421139,0.942361588421139,0.9423464417473868,0.9091169214583761,0.8923088245701922,0.7626749563679218,0.8639993313553704,0.8518974366898672,0.9006206113425597,0.9423586590856972,0.6056482284997794,0.634607208944099,0.7673467682148696,0.5177320420821869,0.7172752067978219,0.8464998148014234,0.6862542017428921,0.8875519978094115,0.7391706319507528,0.942361588421139,0.942361588421139,0.6872122751126156,0.7774116910575847,0.8080865723093946,0.8235778706295221,0.7474162606697681,0.8385632857025095,0.9416966777252717,0.7859404306000184,0.9392147425535979,0.8882994773836166,0.743848488069718,0.5794749028489758,0.342875603170589,0.8234724001452761,0.826320828690752,0.9394159667801807,0.9423531006546383,0.7802468012653606,0.8441554172938571,0.8103509232801879,0.6500717380460375,0.9154277566703556,0.8482591982667225,0.6688670075924559,0.9206840534073283,0.8318020158888648,0.8874335739117489
