,0,1,2,3,4,5,6,7,8,9,10,11,12,13,14,15,16,17,18,19,20,21,22,23,24,25,26,27,28,29,30,31,32,33,34,35,36,37,38,39,40,41,42,43,44,45,46,47,48,49,50,51,52,53,54,55,56,57,58,59,60,61,62,63,64,65,66,67,68,69,70,71,72,73,74,75,76,77,78,79,80,81,82,83,84,85,86,87,88,89,90,91,92,93,94,95,96,97,98,99,100,101,102,103,104,105,106,107,108,109,110,111,112,113,114,115,116,117,118,119,120,121,122,123,124,125,126,127,128,129,130,131,132,133,134,135,136,137,138,139,140,141,142,143,144,145,146,147,148,149,150,151,152,153,154,155
0,1.0,0.5200435397803957,0.6636289604139116,0.394781277000627,0.5554626381124242,0.023527125334309826,0.3605872084116885,0.1595530814781305,0.23025349278472784,0.6829730621067737,0.6860850999673247,0.7932810366585719,0.3543764824800487,0.42334267785999186,0.5070943994322056,-0.029109010935809785,0.7021399297607631,0.47240484114917,0.5329055739227396,0.637374770562572,0.41261331822813285,0.6914007002857833,0.026902552974970302,0.3005878661825935,0.7566718452275593,0.4836710649145558,0.3124345100407804,0.6299214131794311,-0.02654622352342698,0.3860169654969248,0.5095348814713005,0.3011821782512947,0.8360863040583822,7.133079211600442e-05,0.609019408804726,-0.14174414965007395,0.12024741032764079,0.19012525600866087,0.06255621683605492,0.455096912108128,-0.02816365634180602,0.5870771162235944,0.3714191176836635,0.5130762904026288,0.352521088845514,0.051008238026387674,0.66683262792872,0.5749339873751096,0.44630977085778384,0.593502878355308,0.723743974319975,0.6756715719266825,0.5783230382746939,0.6346419390081998,0.26774352860448,-0.016677527213008865,0.7309364299252133,0.48454039956448347,0.5021721018920347,0.7045835653078589,0.7345235651969501,0.40297786565498017,0.462381790226386,0.1720573967398285,0.6620710899692495,0.7619973882786889,0.9052029857383697,0.6804401135929905,0.5449381251300658,0.4183084450823483,0.10035762166430451,0.13496815741538848,0.05680121243375174,0.7193578343791208,0.6674755740364081,0.6881394508970012,0.5980667076424135,0.5411061281016153,0.7061046406880271,0.35206972704276285,0.6778411095180448,0.09661251083025031,0.2974292370371548,-0.027886240244020956,0.5729752285790309,0.37373674584272554,0.45094281003651776,0.2956197279474192,0.559575152044326,0.44269173143500024,0.4002227112245823,0.21991872567685347,0.2565861108265272,0.15966380964218796,0.3296892320041528,0.35693309889684016,0.43337987845698833,0.5485717638243266,0.4037135439820309,0.07746102648870912,0.1431265578890014,0.29629503802082297,0.8477051689598661,0.16258564731154893,-0.16371857442174773,0.2036884982479724,0.07188189613370813,0.11635353423152665,0.09400958316460536,0.09545757805964189,0.06646638052896449,0.13830597585854637,0.1728854209610085,0.2342649238888866,0.08040750998640059,-0.4458121158797185,0.002839956772221846,0.20957573303791277,0.23277669244675717,0.20025545884127416,0.4872932619276574,0.3529489605772771,0.6138948331342554,0.7763317896188767,0.19848509595076438,-0.2498819438253853,-0.045435925452166126,0.568449004715716,0.8939596679959451,0.17021154060656438,-0.03510979070907821,0.17528881999580337,-0.037420893521959916,0.6383731285099499,0.4917047652249748,0.07717676238443033,0.11633663690358867,0.20232584687154886,0.11888655779046406,0.18314990140511772,0.06421360845726831,0.27991041513932746,0.11715286265912163,0.17050063984708508,0.6409354181645835,0.16669090870553693,0.2426984558994115,0.46882909826885816,0.9093760819750716,0.8160044860078637,0.7260420927728187,0.20388032266443903,0.7810312370831367,0.415224338275178,0.7942318571962786,0.15585878040737547
1,0.5200435397803957,1.0,0.48541023452543697,0.3192782340158924,0.39218705111880503,0.006137565096723446,0.2778580003142791,0.05508904257867903,0.15205350100679307,0.45987427529081254,0.45287700898891387,0.529446109782139,0.28069051047295474,0.29630497330971833,0.37402165776268953,-0.07878436761649191,0.4710249091886156,0.3367347504140889,0.37940385392373177,0.42889753982784756,0.29924556977559486,0.49033300199818247,-0.016869972512986407,0.18888558186979104,0.5250645699470012,0.3838620119166892,0.21159413402347768,0.4289672661038899,0.03189504946828082,0.2661354133472325,0.4423183931580493,0.2674225950447594,0.5514510649963745,-0.022607630423693733,0.4158982714536867,-0.12025361891710773,0.08684732776393828,0.12435746878761,0.06510560625716257,0.3371637756487377,0.031883131105472334,0.4160319497825519,0.2615295273946277,0.35033292352979406,0.2490169429812302,0.015608336051433499,0.44861218023351873,0.40038454798115886,0.30304081360597807,0.42208015787874126,0.5229526468245468,0.4911965970027278,0.3769478043284216,0.4486694957049754,0.19265057646192632,-0.025681322773536585,0.5070681474928342,0.3308353103959234,0.35388840908558444,0.5125023254034466,0.5267929551823828,0.265470177962524,0.3084803980460781,0.12137226023174903,0.4732006143951583,0.4629798203636468,0.5294344579065163,0.47145239882794004,0.41777994337700786,0.30244236755147347,0.06457061370932463,0.1300409578118335,-0.010843759889329768,0.5121207816761659,0.47822843610863636,0.4827581122447742,0.43021389879271593,0.40177613280316765,0.49310243133711906,0.24964426558016314,0.4616834439214693,0.05501228168216631,0.20760418769141809,-0.023600437925415014,0.4158045767257106,0.24072477620030297,0.3173314810667542,0.19579698387245303,0.38124336464631464,0.3082639911217008,0.27423071799523857,0.13051085612637445,0.16163562980314172,0.09505314712043647,0.2022197075136288,0.2552467158395994,0.2906297947054683,0.37777127564908736,0.23338432853634802,0.0274044793067978,0.11962293140845648,0.2088531105078513,0.5244449439846981,0.13236760426013924,-0.09572253706781003,0.12190018934869784,0.08732525935978272,0.08390125538715004,0.0649961055900735,0.07605418117092738,0.048418873084300554,0.08005728137246253,0.12012781395542871,0.16071399406052714,0.025126544075334035,-0.3089379113996486,0.012430437560963145,0.18846237818945072,0.18777925296127787,0.12278421178664356,0.36682684417298667,0.21628568183088231,0.4074305591319283,0.515957152087057,0.12275813961355968,-0.1466080996482629,0.07388222839426804,0.42079051400069567,0.5349722144622644,0.12184202611896036,-0.025882795868408207,0.10081068008979306,-0.02171218923458671,0.46623196021554636,0.32370021400368676,0.05242463907328663,0.04973892399295762,0.16594958949843058,0.09059691590830382,0.17414945256728104,0.06028264821884602,0.20651020193400735,0.03917659678634425,0.1368045333141289,0.435221984456477,0.1359210089846451,0.1416237100046609,0.31730645175362127,0.5407782031877267,0.46120471224261705,0.4685977653351813,0.07991660192337569,0.4980994754908218,0.2325664659832125,0.5422641951785574,0.14236925480488055
2,0.6636289604139116,0.48541023452543697,1.0,0.527456498535085,0.49169580857544015,0.09714051511126492,0.3317894435890322,0.12018806607608386,0.19304414629783184,0.5721131000482494,0.619157007478147,0.6750742442445283,0.2406150654868081,0.3515460181537884,0.5016738386653987,-0.0952805005286109,0.6178934958351768,0.5515906170818778,0.541277161821253,0.4634511504893082,0.31906338818454233,0.5930468354581976,-0.08483317348106192,0.4495693123395881,0.6253306129934375,0.3759923822375427,0.36051048353026943,0.5334189511133456,-0.0483459706152875,0.4333993413727536,0.4591401303385994,0.35140815743575504,0.6659458071549087,-0.010038564527085913,0.6953094779670094,-0.14428029741410275,0.0674852897427416,0.14470957977383261,0.21303079914869041,0.3645994339330288,0.008258878009410508,0.48575385912186564,0.28481483864847806,0.4612615614430884,0.17906382180108696,0.029361673313326956,0.48540870216462717,0.3999295370668981,0.416226784056774,0.4868473617187305,0.6351689072382811,0.5653899119862358,0.5100511657944246,0.5141179114852223,0.24671513932003783,0.033306176245786454,0.5688405366036848,0.4265107231088039,0.4835383014719503,0.5278174455788,0.6047823052613377,0.33761540074277924,0.40205035156918484,0.12638548360788487,0.5600256850417347,0.6364482830013155,0.6315587878040527,0.5564611452090753,0.45469329329444796,0.39952361284604454,0.05899703671715679,0.17126099339405618,-0.052188028032865263,0.6093585855230532,0.5603938476222802,0.5858724677798909,0.5320884434421802,0.5761295391843002,0.5270817953570358,0.25889976953761923,0.6308955278349594,0.012837506229471867,0.28886631283149866,-0.09080587547810334,0.4420086978617159,0.29606745512578303,0.3372606825498859,0.18465110096589096,0.39249284816316,0.3725368312059943,0.3026809059172221,0.1427127437768507,0.15253460243050057,0.12326786055351337,0.2230989356360523,0.30374008677356534,0.376849480956586,0.4914330226391523,0.2536967174824945,0.04453574377102196,0.1409647558570641,0.25615551493822764,0.6476853715900877,0.16666551103001484,-0.189543134824088,0.1621997044030433,0.0754301670087495,0.12932968012852822,0.09758499346426179,0.056904136575372286,0.05245585037488124,0.11941305539150127,0.15026401942115655,0.1934172746380424,0.0039674943632783035,-0.31911275649000903,-0.011274260983020238,0.176362562833484,0.2150914601066978,0.1475137796671837,0.4387498045084452,0.3183228182206009,0.4625782632949736,0.6480149299421943,0.1639212491170663,-0.07088809838433235,-0.01928590119924448,0.45211702867762005,0.6733455321869793,0.11427202966877921,-0.051186292702270285,0.15105063886770254,-0.0959382351232645,0.6152356192284021,0.5582655281506423,0.057704467610586424,0.09448817605864271,0.16605657783781544,0.1424333106320313,0.17417475337211133,0.041367452693840366,0.19979278532800318,0.04105505553312821,0.15672896287866614,0.48925393044812676,0.1031641218256417,0.20007688058428091,0.44984203878649553,0.6569240957775149,0.5662528301721391,0.5257183751709468,0.16826082621292388,0.5935662388641963,0.32437983637929024,0.6045792834650764,0.1616380625111627
3,0.394781277000627,0.3192782340158924,0.527456498535085,1.0,0.4362585537501097,0.11981607830083184,0.2767591059125986,0.10660035384392537,0.12790172869303906,0.3471049471308058,0.39147282337309164,0.4594088102937563,0.1685085379802144,0.2565343388015271,0.3740644079271509,-0.10940831893548297,0.35077930288022396,0.3891095424953343,0.3594286031489004,0.2473168037875644,0.17074020713617763,0.2950496014050407,-0.09148727811336259,0.37012934602847225,0.3967470043265236,0.18312251103023738,0.3126083065841106,0.33365343788394375,-0.03377702732881693,0.306807719310127,0.331805811094196,0.2633462067347559,0.39401081939783456,-0.008424301939542468,0.5116985104677765,-0.0900251393573026,0.034970944558483166,0.10792156808714719,0.2773961005667689,0.2586437721871471,0.011892831409730787,0.30021982707095696,0.19212559498241605,0.4158092317732205,0.04719356502648906,0.09228756819428201,0.2457796301428636,0.20322589726622003,0.3424793771846729,0.3437542655790019,0.43156650573682187,0.3323960018090085,0.3551935161376526,0.3449359838105576,0.1847329387691458,0.07015791829932687,0.35607053081387247,0.2884924705352084,0.4016815838635389,0.28355128595365914,0.3958209771496097,0.17295822710763484,0.2812591642981308,0.11683885188011921,0.36344899233952244,0.41823771349162614,0.3505394146491751,0.35811555137434986,0.2758780438758536,0.26160495578312903,0.023944451306349385,0.19215985774134714,-0.09050474439549716,0.39585051490563666,0.35332594315179183,0.39463376442753534,0.34273473266571014,0.4367202850077889,0.2793149395583123,0.1776622846423903,0.42744524012578045,-0.009658091830938232,0.2303166008092475,-0.07117691038967165,0.29951825905258395,0.16344055428773557,0.2216741355279646,0.11289713619538687,0.1908482457733148,0.23198561116748861,0.20628940023632394,0.1059301482216718,0.035641281350920685,0.12682857679661363,0.09109879390051573,0.19161902882136206,0.306048700559923,0.3422843629599635,0.10229571647093848,0.026856916535186324,0.10887825611765499,0.1621631868714866,0.3458486253845838,0.0900202526389079,-0.14661860822434358,0.12074490368648334,0.05465274408774434,0.08966356209962138,0.06727937245053169,0.05709613821223307,0.05279488244551993,0.10165421682330288,0.13247960946372628,0.13231069343363394,0.030829839493613457,-0.18092670760664192,-0.00962100769994443,0.13731669901276095,0.13877876401357725,0.1022551490277718,0.27997884540805346,0.21910009961586596,0.2938320705470137,0.423825099657385,0.15058985572487874,0.07022923368064557,0.07270270789338594,0.25006301561463895,0.41825463872786034,0.04987696915704993,-0.047514117178712456,0.10748062354169201,-0.06575242708802553,0.40280395676304737,0.4328990038273441,0.07066754947631299,0.05824153260141669,0.11840971402616257,0.044113698857150524,0.1072706123202563,0.02067801107435092,0.13557161620586258,-0.030737957700404835,0.10615952212694581,0.26209355850499594,0.02235622422107092,0.11910557790322295,0.3303995028106055,0.3805898247240241,0.3105522495343644,0.2926045470635442,0.11115718138895582,0.3262386912779973,0.2011531248484568,0.3450338372016602,0.122855961252979
4,0.5554626381124242,0.39218705111880503,0.49169580857544015,0.4362585537501097,1.0,0.08844144385963015,0.3583099711091296,0.12496261436367441,0.20287374205307931,0.5214201622595601,0.49083463122756926,0.5817778833459561,0.21902703355532663,0.37083267727962416,0.4260187151572356,-0.04348609393816598,0.48193902299988545,0.37816743109855494,0.32288857846096497,0.4256077543671319,0.27813903271859497,0.4793987463911205,-0.0414105564038436,0.2721378511517922,0.5624081106212163,0.30329568446463717,0.2817986160356182,0.43238711385931616,-0.037794075517099866,0.35387036701606917,0.4207774494796049,0.29683700803347257,0.5657491913399857,0.03359851078643401,0.5209783431592324,-0.17388553563117062,0.12293529811488378,0.15985826113244248,0.12314237634798925,0.3829957636558348,-0.027242578863511092,0.43642396457572596,0.3117414248231746,0.5401561900567617,0.2119480440469601,0.07886188985462429,0.45847059633972914,0.4089205671186834,0.47850078268215473,0.5170740621274593,0.6084082262000172,0.532652369809176,0.4770923369367562,0.5375995513714992,0.23354367550449345,0.04855359333374574,0.513048171743511,0.4190630921186651,0.46615129210022854,0.48691113879353626,0.5375904880864153,0.33762296312508416,0.39658447975727945,0.11361820003704948,0.5494127049411521,0.5268640403436501,0.5402345630690493,0.4928043343562964,0.38152707835225375,0.38196301838623775,0.06630742243942113,0.23746103773626553,0.02495606739474495,0.5182970644289825,0.5289899809273992,0.5353146245247679,0.49783242901451336,0.49609621905916945,0.4672461873738353,0.28611106672757536,0.5242342334275173,0.07907842350197,0.29239794750715586,-0.026823894553348982,0.4710208905267433,0.3278110304222593,0.4001342049139744,0.2629005012991981,0.36885290943037824,0.3851198489899441,0.3500680221413992,0.12101017951891854,0.13628526791458975,0.07425755278039041,0.209923067852919,0.2816607503449313,0.3457258299440706,0.4263729429644935,0.2623120484799619,0.09399891008783737,0.13933954617916774,0.2621483561006766,0.5319901572122212,0.1718616850153997,-0.09226707691587334,0.1621163859624719,0.09329964126694185,0.1339313485438879,0.04011254653295002,0.06920675382789283,0.09604332099542189,0.0715261394468225,0.14521182115106748,0.2019707078474403,0.046159828578664845,-0.32287777800879774,0.0032748684993245377,0.21484487682519526,0.20335184716292792,0.18161194287895216,0.393289817862682,0.3151120337704232,0.460855888652279,0.5357516667696196,0.20971682573791772,-0.13957479648802373,0.03056474193817658,0.4067273297880726,0.597539973138139,0.15396830904906902,0.007533210888756649,0.17309811907741143,-0.01470416606382117,0.5135478768047133,0.45173984354216584,0.09439039169118615,0.07742420825424123,0.20062021058906618,0.12285478858573738,0.2173255095218601,0.042332045248663394,0.24317064489844026,0.07623160932440176,0.15849847963077196,0.4472299437440468,0.13068112901528015,0.21320256256646444,0.41105427687353113,0.5757139546713651,0.4821711414473649,0.48652685948742425,0.1688029676428126,0.5088641089197756,0.31267114999465406,0.5349619554051194,0.1521066899096677
5,0.023527125334309826,0.006137565096723446,0.09714051511126492,0.11981607830083184,0.08844144385963015,1.0,0.2126882983397979,0.11151910189411218,0.0711574475224933,0.08800209176345661,0.10026758017204598,0.07246562820394409,-0.1249815512028978,0.13027762337466936,0.012557715314922738,-0.015416795635780554,-0.038207260413324666,0.1256111332178679,0.012032558079560121,-0.02969396405959318,0.030075871117343184,0.0018165286770416022,-0.06401084540171828,0.23291944424980088,0.048676523053611774,-0.10087302144781313,0.15995606129462517,0.021898479776259562,0.008661422270059664,0.14384031813065384,0.11552835224853174,0.15265424740360242,-0.004885011193487479,0.06901265790809133,0.16543015905483027,-0.018533633592228746,0.008967558628894113,0.06395682782142126,0.19254473679616177,0.05621145993786764,-0.03556460464062342,0.03911682578561725,0.06971573003255967,0.09509170620142542,-0.044181618293582844,0.07557612811772245,-0.02645198762016038,-0.012388917679115336,0.23559996290978794,0.11504598857094142,0.1277224280772404,0.01689872843865636,0.14050092439850254,0.12130637768888029,0.11538109778037893,0.11480068722654768,-0.004254770794082721,0.11404168573636894,0.17588358090551767,-0.08254797469330512,0.00841363116632263,0.08280909365344898,0.1247267987854493,0.037842149997445104,0.08037075440286962,0.09414935524705367,-0.018689248245330234,0.04670996692729345,-0.02261918937444702,0.1398332258747003,0.03603385718414248,0.13506813973121043,0.016019935642461673,0.04365353938594318,0.062463054171690166,0.10226029634865548,0.060175697865670626,0.1641826288723993,-0.03862480911583253,0.030405049868517865,0.1262244688346097,0.03484320871553889,0.1443479195996705,0.017129989505153945,0.04295146602749248,0.07072819272609769,0.0723036336322726,0.02537191278599301,-0.012284028926038065,0.07305354277186314,0.0815378034203262,-0.0008803824214069911,-0.013766175527483143,-0.009441611325508355,0.006469203375734869,0.10469437811541032,0.07430444290310724,0.06847138147736757,-0.03252418746127982,0.025498068722817287,0.04818628231423191,0.05825612496892798,-0.03795934563130177,0.0666582698517989,-0.007492219878869394,0.023736762359990546,0.000605521433636217,0.05874097362075013,-0.005758563960246073,0.027181626046921776,0.024303554880875048,0.02661434877275189,0.05883322175484916,0.0929236123981492,0.05329504191791914,0.01885682608670121,0.011590441919392892,0.08316353616879985,0.06877015451703397,0.09688935397825837,0.0363184265426214,0.0699673941550165,0.024164355317039147,0.053179136628476266,0.13004902343486532,0.15178941114044778,-0.05678928096411087,-0.007920888381757004,0.03184797491819023,0.06769386745531372,0.012390511536073935,0.12562770108122945,0.027550624853451545,0.07428560671404867,0.18288793168344128,0.08145504580245513,0.02770258993780861,0.05318014701162881,0.05525710612600756,0.0592090602829552,0.012200653454952665,0.0006710301408768128,-0.019188518916709474,0.016451894612833876,-0.0008733776716523904,0.0043396364085865535,0.07899092547217669,0.46265842850387284,0.0008363313611672782,-0.02548488778266756,-0.015615715387772858,0.10088510641559202,-0.025584898099984352,0.12246569365926041,-0.012140906429786385,0.055259768493064576
6,0.3605872084116885,0.2778580003142791,0.3317894435890322,0.2767591059125986,0.3583099711091296,0.2126882983397979,1.0,0.2636789743118456,0.1752009547921825,0.46076516023475494,0.42621615254596024,0.40467847236852167,0.14884701006436357,0.3023346569728474,0.2538533258320072,-0.022499720696636256,0.24608454916247227,0.23871114579956998,0.2068723158610422,0.285253682178708,0.18789789921001648,0.2611842729004891,0.002797223130264502,0.29066149309016825,0.4413984608144578,0.1937640518564567,0.2677067882714378,0.2759950013020834,0.025184928523986894,0.25890823301228455,0.3461212767051096,0.23906748217168824,0.3623836213662812,0.07731535938307242,0.4208731161407668,-0.057911790986042724,0.06468913270285302,0.1441255265334873,0.13217053840016058,0.24573647026234832,-0.035715811240876416,0.31726386299639553,0.22921020634803482,0.3528727454130109,0.17343378057027245,0.06184307530205987,0.30235548906797177,0.2736538369834386,0.43587301920346416,0.41657522001490377,0.4865007138072821,0.49917771679217376,0.38955559667864403,0.4047862410455263,0.2112996745689205,0.08961893284174441,0.36544845862138886,0.3407151304648534,0.3784860219180198,0.3313934880790504,0.3988895794182447,0.2614698894300153,0.3471069304492397,0.1826133319594765,0.43294425156651634,0.3708931440842797,0.3535243667686451,0.3345922701043778,0.2924708197333086,0.301341425146274,0.038516228869981704,0.20993621103397614,-0.0006692699502022303,0.3917961920436039,0.4298248363193486,0.4325336254388999,0.42137387040707114,0.38772837711871183,0.31269701184774656,0.262134728603972,0.376851730048695,0.09748572339762518,0.2356904711408302,0.048534181577726786,0.3725301095524712,0.23809152028395955,0.275088763243098,0.23876669890184463,0.2841765855190052,0.27814628890770604,0.2935433799135185,0.11142026806030131,0.08327842276177119,0.060693627204342175,0.13589526848524272,0.22937555648949043,0.2719906376052406,0.3569982305236451,0.1999691668172392,0.060949688734812386,0.13084904672986722,0.21845496244529772,0.31656748679745994,0.14232969468611806,-0.01844500277233852,0.11962876533365342,0.049281543304409564,0.07733261265947239,0.0629379746574682,0.10273035288604797,0.08942191129329952,0.09120142154537497,0.09192902606031124,0.17545443159697044,0.0885962174423151,-0.20509568111416226,0.012681754591759745,0.1621729788683317,0.1396130126286713,0.1287606814422461,0.36563039753196475,0.2735626362250927,0.3990454452377991,0.3661325974532366,0.19980177698340998,-0.03566996221010602,0.15197414327061654,0.2992418856333996,0.38370064659506287,0.15738923881035205,0.05192915458033674,0.1613173381410491,0.03992464584673011,0.41096717475140887,0.35509350814151264,0.07965008014275402,0.08786762946365959,0.18106611648440615,0.0835528801637661,0.16890456238632204,0.05821484210274473,0.19827387119992754,0.04615534297805792,0.08474599780036716,0.30320239991724884,0.12122568503342822,0.16305901746815052,0.40986007363161425,0.3700866790573314,0.2992074398510213,0.3786786877514057,0.12421409524082082,0.326709272624669,0.39098669292393445,0.40098168471425505,0.11011651635164771
7,0.1595530814781305,0.05508904257867903,0.12018806607608386,0.10660035384392537,0.12496261436367441,0.11151910189411218,0.2636789743118456,1.0,0.10351631811654093,0.32200727714745947,0.2345834393664202,0.16682493831134845,-0.04755125924304024,0.14543761404901479,0.09115994504371022,0.013497245416153348,0.07846055907842972,0.11219235298777948,0.06178653459790924,0.12875916596209944,0.08696750992112828,0.08305213416997273,0.03151568628827573,0.14795906037804127,0.17220975663189503,0.04272358967226938,0.14168094111516816,0.12161793555480463,0.03941879249670241,0.11851358832352295,0.12221683479941133,0.1332964797027751,0.13368600564112104,0.07712693916178355,0.18415464307694426,-0.033406928076778065,0.012606466264105134,0.08361187111706898,0.09618737417796057,0.13244302039278186,-0.009651965501802903,0.1252497372289403,0.15555252485730758,0.1449393546924904,0.07490933892761721,0.06944737356357011,0.1217513046862825,0.1069301493671787,0.2227279246309915,0.18684545589871632,0.18804300108874583,0.13341448433188519,0.20330880121389067,0.18257029129044772,0.0937074416529685,0.1082563047434931,0.1283968170463979,0.1582140435537026,0.17808586400363086,0.11278964023260775,0.12720140192474672,0.13779371616348765,0.17870946838006566,0.0718764798022003,0.1903354807593463,0.14022476134998432,0.12360749223277369,0.14162552640894888,0.023437562687908683,0.1531833490642108,0.020926006547767433,0.14739691761069834,0.04839820039177702,0.11303206855583907,0.1504764749457979,0.17516028038468587,0.15242155984415678,0.13195230526030569,0.09994169722324578,0.14695232720440768,0.15028995115325308,0.060536544107455965,0.11060583550377777,0.051096797923954614,0.14906063865584945,0.10993599925172867,0.1371745496832342,0.10087124458535264,0.10735999307708602,0.10959131276478024,0.11540353571205447,0.030953670306797604,0.06399224238941048,0.0031234958920284897,0.0660350217421186,0.14196035477204527,0.1129366508220726,0.13341008120714914,0.09798697223302102,0.04899760603024314,0.08624661322751292,0.10512975847725327,0.13150021175082494,0.057672347195375485,-0.018012379884142542,0.043885178480379775,0.02703822144908596,0.040540264484106914,0.07024865814697207,0.06769132136158816,0.02083940792282968,0.0012088624216195771,0.06345566556579382,0.06094981979013866,0.08011788285904742,-0.03737691541998377,-0.00032973417310524453,0.06450362846628528,0.10439931902869701,0.08691464137826871,0.12264906441126117,0.12111966260149633,0.164018145379226,0.1697603657438763,0.11584781469068105,-0.00157890474950247,-0.07132843344681532,0.10675841658985473,0.15066222257635925,0.10619658335545361,0.08162317267103347,0.12196691948575387,0.06452937819292641,0.11186984734682738,0.13646502238663227,0.03723356020088981,0.045721127951766964,0.06461126649434447,0.05102825172002653,0.09130435452598093,0.06242264304882725,0.08814990179453727,0.027267046376234734,0.03587132996451516,0.10665349885163505,0.08654451478736126,0.08447481314096314,0.1831495549533286,0.13637764359458657,0.12037795249061424,0.13328127511583068,0.07945510926220062,0.12892102482670018,0.3538477469191868,0.14261953702926938,0.10935908020134326
8,0.23025349278472784,0.15205350100679307,0.19304414629783184,0.12790172869303906,0.20287374205307931,0.0711574475224933,0.1752009547921825,0.10351631811654093,1.0,0.3287181250593309,0.24733976409517422,0.26627511337401266,0.07422306942316086,0.23440639728853307,0.14135223410192627,-0.0666324734121979,0.1352517664495711,0.14181325841805623,0.08747913899503129,0.1842588864676101,0.15923730127538857,0.19358532312623997,-2.9539395622905177e-05,0.12242529832631406,0.2552642915958856,0.07936046137053433,0.1951344927914121,0.17311218211747417,-0.017490839064563692,0.1317578481340679,0.21688660194660334,0.16314327000226334,0.24487896889350316,0.061556269262500754,0.22713961337226776,-0.09626738179328566,0.023636388799207472,0.1223078208557699,0.10231418472137463,0.2289252916670192,-0.04863451963125867,0.20800926186684515,0.19858849302806833,0.2754803460264196,0.11318449118643478,0.017769943425188846,0.21144398879944754,0.20194704064449512,0.2646348118880208,0.33513061193600757,0.3244579127259562,0.19454753120573062,0.2667381624749521,0.31028729139610745,0.1984030635052103,0.09982508871369546,0.23340921912324014,0.23916725887314774,0.27058792138915466,0.20033411756172,0.22151079410183708,0.17123044847778654,0.2606320648767555,0.13687348761869086,0.31436174569472364,0.23148929637083435,0.2206935358554803,0.23185455390454476,0.15251176739417027,0.25560022694670637,0.05833585127427775,0.10471992938499483,0.010193004467298506,0.2588202696646483,0.24375619455932865,0.27978077667746426,0.227471551250074,0.2359722809788737,0.19720404544748826,0.1810107883764775,0.24361273552602528,0.07045840777164077,0.16615898850669203,-0.00772683339138021,0.2540535583117691,0.18793782526496036,0.23936124387646596,0.14538399940306554,0.1538187383181951,0.22130582370541863,0.19729997326809154,0.06662181940237148,0.10732561065012078,-0.014949027952619319,0.12031799891927193,0.1875278400625051,0.13876827725843618,0.18814745312870712,0.1182345566225287,0.0521077410798558,0.06923168777378115,0.17086762814802003,0.20292218246045055,0.13818248200586153,-0.0567965697680495,0.0993533074498522,0.08357222149104654,0.0012095572696145054,0.06623557483355356,0.09487532734642644,0.05942132269089153,0.08366971142744453,0.10893110387123958,0.14965702140796067,0.05385172527648878,-0.15920874312490269,0.002728385677897376,0.16012498428037994,0.11161956099245621,0.12883350894582374,0.15706450416796264,0.2214758292151208,0.19652641422758355,0.2357890626422456,0.14655103283776924,-0.06621560339816947,0.008633074372073364,0.16376811129141733,0.27955081608695087,0.1413169518014011,0.0522144983513424,0.14750261504890413,-0.004865915585999621,0.22254239750513302,0.23744780701032658,0.05011262503865546,0.019611105226124352,0.14974834945906637,0.09624575188779566,0.12986248878609877,0.06123484804318142,0.1755720147247159,0.06863637960301315,0.07484528273304174,0.20611655862923395,0.07954422940377838,0.10830543655464925,0.26055710398409865,0.24519851042954582,0.1885087513758061,0.17843602260995428,0.14609547890163738,0.20486483483051277,0.24124205078759978,0.24466053530609957,0.09890944438908669
9,0.6829730621067737,0.45987427529081254,0.5721131000482494,0.3471049471308058,0.5214201622595601,0.08800209176345661,0.46076516023475494,0.32200727714745947,0.3287181250593309,1.0,0.6952974049691303,0.6979624509677554,0.22739006050716587,0.4678796547236165,0.41538135988261765,-0.050275666615114296,0.525217109527963,0.38150845943225464,0.3807914957609517,0.5473855393691621,0.35790665079857475,0.5786007458129262,-0.00394765819948274,0.28908654624224817,0.688271395669259,0.393922529647277,0.34561637998776995,0.5235303051253728,-0.046814682388218475,0.3669806646479448,0.4997843707321572,0.3473257451315022,0.6939043706602447,0.03903705528162737,0.5661746570095839,-0.20653881226276044,0.09145622291279334,0.1768095564695921,0.12905041683905655,0.47391808662021395,-0.07125274034037798,0.5563833808016135,0.3913465768782277,0.5214967991045998,0.3108889047407487,0.0179650810042507,0.5772583798091685,0.5231512995182908,0.552316484107871,0.6352800912550045,0.7454788031184661,0.6062950487566867,0.5816503226381493,0.6589710133563581,0.3060382623413989,0.0734055165338531,0.6524996082085375,0.5273592731311894,0.5530782515411041,0.6231100061688277,0.6628991275836414,0.4101445049114758,0.5069784159256981,0.21225022124939402,0.6801382416715605,0.6150875278384234,0.6603301963978065,0.6292527406552029,0.4725342107463058,0.49065387921623754,0.1275789466995391,0.163961236864919,0.03467305306599236,0.6624596662311537,0.6391055561268106,0.6584895674369481,0.5671509280182627,0.5567666979800737,0.5902698880158892,0.361988680708641,0.6244990688954043,0.10176613943841184,0.35405072149237,-0.00661342036912383,0.5730120929869124,0.39734287844840577,0.46191485526663717,0.30516779816545453,0.4622803415848198,0.46421720546053874,0.40553090980923884,0.15888393369220008,0.22734420734921845,0.04772030953070563,0.2914248333894397,0.41593565076072364,0.3924163517821349,0.5128788872992994,0.32748239524127315,0.06587405159517606,0.21370870439006862,0.3478263468494246,0.6483415516629586,0.18968341647670348,-0.126047823776968,0.17888048783277688,0.11685767531635727,0.12900748491467348,0.08044705085356516,0.1166248833148187,0.10592519734771488,0.17544846468101202,0.18446906222596976,0.2698310721443189,0.0977303552164058,-0.4310816153016184,0.017513492537584198,0.25495342710052005,0.24252489359134297,0.23019440189507973,0.4628572464228839,0.38089290026034356,0.5593295694509689,0.6725555542090161,0.2724400369420693,-0.20175339891381378,-0.026838684608314824,0.5253933588089761,0.7303844850567431,0.1879896234994801,-0.0011078204429825652,0.21700319592887946,-0.010327410699369944,0.5973188482169902,0.5068010733755387,0.10367657839575997,0.10515839241713193,0.25124206719030473,0.19200796797912192,0.23629582037481692,0.0912551712250938,0.3050046313802049,0.11408013329128826,0.162451007857978,0.568457696434525,0.1763139560086774,0.260601230235404,0.508957673002009,0.7068254954062788,0.599036607871967,0.6053546253235365,0.2069455160003826,0.6253214676564735,0.5742097853265504,0.6921677499977332,0.19797729691846236
10,0.6860850999673247,0.45287700898891387,0.619157007478147,0.39147282337309164,0.49083463122756926,0.10026758017204598,0.42621615254596024,0.2345834393664202,0.24733976409517422,0.6952974049691303,1.0,0.6868651827387264,0.2631506863775497,0.4411237923015092,0.47368066814344556,-0.05068505984173898,0.6202500509902346,0.5222443234829367,0.5231348359111491,0.5439372122354141,0.3517326376534568,0.6269102823070843,-0.008324803077567824,0.3615868672905243,0.6681235983232489,0.40801966561812236,0.34617104448318453,0.5422880714618296,-0.033091606169651795,0.3949715193504132,0.4669101365001452,0.3620226305264573,0.6705829076401865,0.04397625126687414,0.6008692018278258,-0.15461944418810458,0.07362508958677157,0.13586157352598352,0.12498099431408145,0.4333973682372695,-0.049517556545429865,0.5260620889167152,0.3277825681791219,0.4568832251773576,0.2573460917272663,0.028426533949339992,0.5598551767933547,0.49924883091533967,0.5109198830763526,0.5605031802266912,0.678798515169224,0.6295436712630803,0.5089363055693922,0.6074118265390172,0.2575256313670783,0.054554734343095865,0.6074937391590097,0.4756482923153844,0.5077846722863226,0.5732227988279825,0.6806377952967647,0.3831824943279606,0.47800052281282335,0.1881567722526929,0.6438506018054494,0.6229181449650166,0.6860459664121296,0.6102795588565447,0.48563201937433453,0.45127182021649,0.08739914822313133,0.15611088373455353,0.048393158116560545,0.6342521947582868,0.6132312837367904,0.6294968586015773,0.562383226240712,0.5807560129600878,0.5994815376927701,0.3133058498715068,0.6623745177150779,0.08473409383989168,0.3382833722317733,-0.040576221690826315,0.523120884771309,0.36120583566079956,0.42097404320224646,0.26662576618659306,0.4809310796870037,0.41319569539447387,0.3668070117278461,0.13440751272907686,0.1935101589314022,0.08845816979702753,0.26386599838758323,0.37647057131443273,0.4044222925678908,0.5318471254192128,0.28225176112601597,0.0793621788584142,0.17238129736856023,0.2892211951403733,0.6662338023324804,0.1592624805461442,-0.1089390622734877,0.17721158601312564,0.09269048571375098,0.13395817499353724,0.07847479558451169,0.11268208599344742,0.09735496990962582,0.12842132741082116,0.16757190290091983,0.2466391470015442,0.08798747511592407,-0.3654947570287959,-0.0012245875045277556,0.22636766166911532,0.24798437094498954,0.23734705031555287,0.49655915007827206,0.35337269500537694,0.5367646850645349,0.6711414232880545,0.24672763825197738,-0.14719300359455423,-0.10354234208161292,0.49480316977469846,0.6953023986316409,0.19994603797029872,0.04477688265212677,0.19362954675966995,0.009353405830701541,0.6187614662201751,0.5301351275282951,0.08345717588014896,0.11730321171231049,0.2413661819844274,0.16421745635908278,0.22084749155667593,0.07399773812468413,0.27456967873472,0.08877612264465877,0.1693858976375558,0.5496149803501845,0.15886519549565165,0.266267387841202,0.49447697016608844,0.7017612837778997,0.6222009166070379,0.6220633467084378,0.22282262518524795,0.625683550535136,0.528629534171042,0.6623139877125631,0.15978897931979852
11,0.7932810366585719,0.529446109782139,0.6750742442445283,0.4594088102937563,0.5817778833459561,0.07246562820394409,0.40467847236852167,0.16682493831134845,0.26627511337401266,0.6979624509677554,0.6868651827387264,1.0,0.3319013471001646,0.4550032143877694,0.5250637708989165,-0.06275438164784976,0.6538633789505401,0.5028048575011017,0.5144844328807804,0.5993801141820598,0.3693684243985605,0.6770760028202402,-0.019570245185651605,0.35833523733083594,0.7719174318005905,0.43738117952132993,0.3979913463953954,0.6233221932067762,-0.0631462956254721,0.4215008150693262,0.5440391351126572,0.35723374095240007,0.8211811320280661,-0.004415048713675452,0.6430608775239995,-0.19253927857946132,0.08214692588464649,0.19218222067827337,0.14963343815179925,0.49530849232130003,-0.04025749707396147,0.6150074815579136,0.3937072642124488,0.5644648513907923,0.3081408401844444,0.06485541544560265,0.6453724165167957,0.5436216983478773,0.5508824171179377,0.6329956308670199,0.7978344309502431,0.6848126440334182,0.6491251856489136,0.6786278838029949,0.2994258201771341,0.05921788583573939,0.7616228379507899,0.5261624895745465,0.6051486727430977,0.7170846693740833,0.7271437083328635,0.4032209067718811,0.5078478046662512,0.1826338796639338,0.729479004843032,0.7102900325505596,0.7558733189355599,0.6804310377113449,0.5247993790626182,0.4921008890066859,0.09657562839130607,0.16466528931932078,0.004279279042606517,0.7300293588787178,0.7034936153612309,0.7315953953329856,0.6380109729880655,0.6186511158939468,0.666198971043244,0.3605164043557991,0.7116407488365352,0.06383005259271587,0.35648233982323185,-0.05282176715840152,0.6013210558076935,0.3993008528705323,0.4749826917116063,0.28305084096920724,0.5227418974644698,0.4690463393792212,0.4097419718493227,0.19683359489109714,0.2139784334860454,0.13950300377528038,0.29013063808992595,0.3581208990657425,0.494865299274124,0.5909878336584669,0.34264334525461787,0.07657573344269919,0.1724108478311087,0.30957148440517573,0.7773809218314677,0.18082623630290778,-0.18419189842075376,0.20076149182015335,0.10877189995583927,0.15671550195996709,0.10055761496142801,0.10264908921874674,0.09666907163328495,0.1503284714799113,0.18608835874714963,0.2503659834722632,0.08624698235524708,-0.4477495243233407,-0.012214049721339593,0.25528050276796566,0.26300683424838206,0.23159450148273122,0.5151153654742615,0.38333085911704373,0.645182830214842,0.8306526136462292,0.24266073147939438,-0.16735444630717175,0.03743789164095399,0.5545005401297719,0.8517112866689012,0.1578900497338316,-0.025749147065003947,0.22238788997757497,-0.05063221884459516,0.6791033356943244,0.5794040980972294,0.09317817694015436,0.1322487963725161,0.2370146755662993,0.1620361478642988,0.23067644019026975,0.0877601471077368,0.28853087870946814,0.09363380164055103,0.1964242050947666,0.6100073450629778,0.16092983117319948,0.26265065667284454,0.5160321966337246,0.8020090636145005,0.6861004548358971,0.6743443529497112,0.20472467971727623,0.7366454002963077,0.41439445767318367,0.8072306190330651,0.19112699178364523
